Input 1:
5
0 4 4 3 6
4 0 2 0 0
4 2 0 8 0
3 0 8 0 9
6 0 0 9 0


Input  2:
5
0 9 75 0 0
9 0 95 19 42
75 95 0 51 0
0 19 51 0 31
0 42 0 31 0


Input  3:
5
0 24 13 13 22
24 0 22 13 13
13 22 0 19 14
13 13 19 0 19
22 13 14 19 0

Input 4:
9
0 8 12 0 0 0 0 0 0
8 0 13 25 9 0 0 0 0
12 13 0 14 0 0 21 0 0
0 25 14 0 20 8 12 12 16
0 9 0 20 0 19 0 0 0
0 0 0 8 19 0 0 11 0
0 0 21 12 0 0 0 0 11
0 0 0 12 0 11 0 0 9
0 0 0 16 0 0 11 9 0
